number of matrix elements: 
15129
number of rows: 
123
number of cols: 
123
sum of main diag elements: 
3.20587634256484
sum of main diag elements: 
3.20587634256484
row sums: 
2.37852832664595
-5.94939342437232
-11.135184763442
-8.90267830333289
0.379534186564058
11.1996581067214
15.863677909391
9.45154521981955
-6.17723783940762
-22.0378412158801
-26.0809045724858
-9.78887268321435
26.2841525262792
71.3388774206828
108.586597314972
123
108.586597314972
71.338877420683
26.2841525262792
-9.78887268321431
-26.0809045724858
-22.0378412158801
-6.17723783940764
9.45154521981952
15.863677909391
11.1996581067214
0.379534186564088
-8.90267830333289
-11.135184763442
-5.94939342437235
2.37852832664595
2.37852832664595
-3.93277814612848
-9.28204493475656
-11.3537996889732
-8.90267830333289
-2.37162508169949
6.08180579688699
13.2218877774867
15.863677909391
12.126731151166
2.3667329168516
-10.5859227037803
-22.0378412158801
-26.7673795003239
-20.6956342126966
-2.36381290909745
26.2841525262792
60.1161705741488
92.0175142428594
114.762017108075
123
114.762017108075
92.0175142428594
60.1161705741488
26.2841525262792
-2.36381290909745
-20.6956342126966
-26.7673795003239
-22.0378412158801
-10.5859227037803
2.3667329168516
12.126731151166
15.863677909391
13.2218877774867
6.08180579688699
-2.37162508169949
-8.90267830333289
-11.3537996889732
-9.28204493475656
-3.93277814612848
2.37852832664595
2.37852832664595
-2.66477570619584
-7.42054472467715
-10.6066746698164
-11.2377075655474
-8.90267830333289
-3.92206459658031
2.6642666981517
9.28883862131415
14.1965210621983
15.863677909391
13.4039465711339
6.86461824270712
-2.6639423999886
-13.1661157031682
-22.0378412158801
-26.5848771264466
-24.5858965236942
-14.80414559774
2.6637632916546
26.2841525262792
53.261909758083
79.9727374405619
102.575452217734
117.688617703138
123
117.688617703138
102.575452217733
79.9727374405618
53.2619097580829
26.2841525262792
2.66376329165455
-14.80414559774
-24.5858965236942
-26.5848771264465
-22.0378412158801
-13.1661157031682
-2.66394239998857
6.86461824270716
13.4039465711339
15.863677909391
14.1965210621983
9.28883862131414
2.6642666981517
-3.92206459658034
-8.90267830333289
-11.2377075655474
-10.6066746698164
-7.42054472467711
-2.66477570619582
2.37852832664595
col sums: 
2.37852832664595
-5.94939342437232
-11.135184763442
-8.90267830333289
0.379534186564058
11.1996581067214
15.863677909391
9.45154521981955
-6.17723783940762
-22.0378412158801
-26.0809045724858
-9.78887268321435
26.2841525262792
71.3388774206828
108.586597314972
123
108.586597314972
71.338877420683
26.2841525262792
-9.78887268321431
-26.0809045724858
-22.0378412158801
-6.17723783940764
9.45154521981952
15.863677909391
11.1996581067214
0.379534186564088
-8.90267830333289
-11.135184763442
-5.94939342437235
2.37852832664595
2.37852832664595
-3.93277814612848
-9.28204493475656
-11.3537996889732
-8.90267830333289
-2.37162508169949
6.08180579688699
13.2218877774867
15.863677909391
12.126731151166
2.3667329168516
-10.5859227037803
-22.0378412158801
-26.7673795003239
-20.6956342126966
-2.36381290909745
26.2841525262792
60.1161705741488
92.0175142428594
114.762017108075
123
114.762017108075
92.0175142428594
60.1161705741488
26.2841525262792
-2.36381290909745
-20.6956342126966
-26.7673795003239
-22.0378412158801
-10.5859227037803
2.3667329168516
12.126731151166
15.863677909391
13.2218877774867
6.08180579688699
-2.37162508169949
-8.90267830333289
-11.3537996889732
-9.28204493475656
-3.93277814612848
2.37852832664595
2.37852832664595
-2.66477570619584
-7.42054472467715
-10.6066746698164
-11.2377075655474
-8.90267830333289
-3.92206459658031
2.6642666981517
9.28883862131415
14.1965210621983
15.863677909391
13.4039465711339
6.86461824270712
-2.6639423999886
-13.1661157031682
-22.0378412158801
-26.5848771264466
-24.5858965236942
-14.80414559774
2.6637632916546
26.2841525262792
53.261909758083
79.9727374405619
102.575452217734
117.688617703138
123
117.688617703138
102.575452217733
79.9727374405618
53.2619097580829
26.2841525262792
2.66376329165455
-14.80414559774
-24.5858965236942
-26.5848771264465
-22.0378412158801
-13.1661157031682
-2.66394239998857
6.86461824270716
13.4039465711339
15.863677909391
14.1965210621983
9.28883862131414
2.6642666981517
-3.92206459658034
-8.90267830333289
-11.2377075655474
-10.6066746698164
-7.42054472467711
-2.66477570619582
2.37852832664595
